1 x 2
-6474.000000	
-31826.000000	


1 x 2
-25449.000000	
26507.000000	


2 x 1
-1479.000000	-12744.000000	


2 x 1
24631.000000	24330.000000	


2 x 2
24888.000000	-8281.000000	
17481.000000	-21753.000000	


2 x 1
-20184.000000	18151.000000	


1 x 2
-19656.000000	
-28246.000000	


2 x 1
2875.000000	-5856.000000	


1 x 2
32768.000000	
32763.000000	


2 x 1
32763.000000	32766.000000	


2 x 2
32764.000000	32763.000000	
32762.000000	32765.000000	


2 x 2
32762.000000	32764.000000	
32767.000000	32766.000000	


1 x 1
32762.000000	


1 x 2
32763.000000	
32763.000000	


1 x 2
32765.000000	
32765.000000	


1 x 2
32768.000000	
32763.000000	


2 x 1
32764.000000	32765.000000	


2 x 1
32767.000000	32768.000000	


