2 x 2
437047075.000000	356743045.000000	
1265072293.000000	1099036589.000000	


1 x 1
274710902.000000	


1 x 2
-521478702.000000	662434815.000000	


1 x 1
165617182.000000	


1 x 1
950526658.000000	


2 x 1
-505901472.000000	
17710280.000000	


1 x 1
19691907.000000	


1 x 1
604212531.000000	


2 x 2
-1073577988.000000	-1073577988.000000	
-1073643522.000000	-1073643522.000000	


2 x 2
-2147090449.000000	-2147123216.000000	
-2147188746.000000	-2147221512.000000	


2 x 1
-2147221512.000000	
-2147188746.000000	


1 x 1
-1073577988.000000	


2 x 2
-1073610755.000000	-1073545225.000000	
-1073643522.000000	-1073577990.000000	


2 x 1
1073446932.000000	
1073610752.000000	


2 x 1
2147090454.000000	
2147123210.000000	


1 x 1
1073479695.000000	


1 x 1
2147254277.000000	


2 x 1
1073577988.000000	
1073676289.000000	


