3 x 4
-111.000000	44.000000	55.000000	-1.000000	
55.000000	39.000000	1.000000	112.000000	
-49.000000	8.000000	-3.000000	-28.000000	


3 x 2
-51.000000	-28.000000	
-105.000000	71.000000	
84.000000	-82.000000	


4 x 3
125.000000	-42.000000	109.000000	
109.000000	57.000000	12.000000	
17.000000	-125.000000	-7.000000	
-18.000000	-32.000000	-1.000000	


3 x 3
-92.000000	28.000000	33.000000	
-115.000000	-72.000000	14.000000	
47.000000	-24.000000	-96.000000	


1 x 3
116.000000	122.000000	-121.000000	


4 x 3
104.000000	-66.000000	-56.000000	
46.000000	18.000000	47.000000	
-31.000000	124.000000	-36.000000	
34.000000	90.000000	125.000000	


3 x 4
-16.000000	22.000000	36.000000	111.000000	
-38.000000	-91.000000	-87.000000	73.000000	
-6.000000	104.000000	17.000000	48.000000	


3 x 2
26.000000	-115.000000	
-107.000000	7.000000	
109.000000	-98.000000	


2 x 4
492.000000	850.000000	132.000000	678.000000	
619.000000	256.000000	750.000000	333.000000	


2 x 3
76.000000	-76.000000	551.000000	
550.000000	673.000000	818.000000	


4 x 3
270.000000	292.000000	859.000000	
569.000000	684.000000	590.000000	
-64.000000	251.000000	285.000000	
620.000000	191.000000	-30.000000	


1 x 4
466.000000	348.000000	240.000000	528.000000	


3 x 1
420.000000	
439.000000	
553.000000	


1 x 4
-359.000000	-631.000000	-612.000000	-113.000000	


3 x 4
13.000000	-112.000000	-866.000000	-568.000000	
-171.000000	-581.000000	-497.000000	-581.000000	
-630.000000	-595.000000	-435.000000	-630.000000	


4 x 1
-227.000000	
-703.000000	
81.000000	
-329.000000	


4 x 2
-817.000000	-476.000000	
-118.000000	14.000000	
-740.000000	-851.000000	
-516.000000	-28.000000	


1 x 4
96.000000	24.000000	-682.000000	-871.000000	


